1 	old 	sf 	sfg 	
degree list:
1 	2 	3 	4 	
1 	2 	3 	4 	
1 	2 	3 	4 	
ncells list:
24 	32 	40 	
24 	32 	40 	
24 	32 	40 	
0.06385922431945801 	0.11928462982177734 	0.22956109046936035 	
0.03543257713317871 	0.07991981506347656 	0.1466662883758545 	
0.11458420753479004 	0.2601308822631836 	0.5090901851654053 	
0.6081008911132812 	1.3820767402648926 	2.683685302734375 	
0.3966832160949707 	0.9229443073272705 	1.8244011402130127 	
0.80747389793396 	1.8782410621643066 	3.625659227371216 	
7.397942543029785 	17.466092586517334 	33.91723561286926 	
2.559147834777832 	5.948260307312012 	11.163459062576294 	
3.273186206817627 	7.642896413803101 	14.567893266677856 	
134.57105469703674 	318.9078552722931 	619.7454535961151 	
9.857533931732178 	22.755199670791626 	44.87098455429077 	
11.083890914916992 	24.83146381378174 	48.84740948677063 
