1 	old 	sf 	sfg 	sfg2 	
degree list:
1 	2 	3 	4 	
1 	2 	3 	4 	
1 	2 	3 	4 	
ncells list:
24 	32 	40 	
24 	32 	40 	
24 	32 	40 	
0.0607304573059082 	0.12369275093078613 	0.23050403594970703 	
0.039014339447021484 	0.07738757133483887 	0.15045380592346191 	
0.11910367012023926 	0.25608396530151367 	0.491412878036499 	
0.033071279525756836 	0.06935572624206543 	0.125732421875 	
0.586306095123291 	1.3611178398132324 	2.690042018890381 	
0.4038400650024414 	0.9038078784942627 	1.7961206436157227 	
0.7904224395751953 	1.874542474746704 	3.6310808658599854 	
0.20253634452819824 	0.45117712020874023 	0.8772978782653809 	
7.426596403121948 	17.293288946151733 	33.83826494216919 	
2.5585386753082275 	5.959730625152588 	11.918044567108154 	
3.310807943344116 	7.641563653945923 	14.52986216545105 	
0.8582630157470703 	1.888355016708374 	3.5705184936523438 	
144.78300881385803 	317.1607506275177 	661.7030644416809 	
9.615814924240112 	22.535913228988647 	44.53464317321777 	
10.87882375717163 	25.995317935943604 	51.69976234436035 	
2.5572824478149414 	5.736508846282959 	11.10331130027771 
